[gd_scene load_steps=8 format=3 uid="uid://rk0vhxof00ap"]

[ext_resource type="PackedScene" uid="uid://1ualai1gjo7r" path="res://classes/resource_node/resource_node.tscn" id="1_7n18s"]

[sub_resource type="ConcavePolygonShape3D" id="ConcavePolygonShape3D_0ywds"]
data = PackedVector3Array(0, 0.5, 0.5, 0.5, -0.5, 0.5, -0.5, -0.5, 0.5, 0, 0.5, -0.5, -0.5, -0.5, -0.5, 0.5, -0.5, -0.5, 0, 0.5, 0.5, 0, 0.5, -0.5, 0.5, -0.5, 0.5, 0, 0.5, -0.5, 0.5, -0.5, -0.5, 0.5, -0.5, 0.5, 0, 0.5, -0.5, 0, 0.5, 0.5, -0.5, -0.5, -0.5, 0, 0.5, 0.5, -0.5, -0.5, 0.5, -0.5, -0.5, -0.5, -0.5, -0.5, 0.5, 0.5, -0.5, 0.5, -0.5, -0.5, -0.5, 0.5, -0.5, 0.5, 0.5, -0.5, -0.5, -0.5, -0.5, -0.5)

[sub_resource type="Gradient" id="Gradient_uegix"]
colors = PackedColorArray(0.351563, 0.351563, 0.351563, 1, 0.537011, 0.537011, 0.537011, 1)

[sub_resource type="FastNoiseLite" id="FastNoiseLite_60t4s"]
frequency = 0.0491

[sub_resource type="NoiseTexture2D" id="NoiseTexture2D_5bnra"]
color_ramp = SubResource("Gradient_uegix")
noise = SubResource("FastNoiseLite_60t4s")

[sub_resource type="StandardMaterial3D" id="StandardMaterial3D_uqrhi"]
albedo_texture = SubResource("NoiseTexture2D_5bnra")

[sub_resource type="PrismMesh" id="PrismMesh_vjnic"]

[node name="Stone" instance=ExtResource("1_7n18s")]

[node name="CollisionShape3D" parent="Interactable" index="0"]
transform = Transform3D(0.776629, 0.344758, -0.527247, -0.629958, 0.425027, -0.650004, 5.96046e-08, 0.836955, 0.547272, 0, 0, 0)
shape = SubResource("ConcavePolygonShape3D_0ywds")

[node name="MeshInstance3D" type="MeshInstance3D" parent="." index="2"]
transform = Transform3D(0.776629, 0.344758, -0.527246, -0.629958, 0.425027, -0.650003, 5.96046e-08, 0.836955, 0.547271, 0, 0, 0)
material_override = SubResource("StandardMaterial3D_uqrhi")
mesh = SubResource("PrismMesh_vjnic")

[node name="CollisionShape3D" type="CollisionShape3D" parent="." index="3"]
transform = Transform3D(0.776629, 0.344758, -0.527246, -0.629958, 0.425027, -0.650004, 0, 0.836955, 0.547271, 0, 0, 0)
shape = SubResource("ConcavePolygonShape3D_0ywds")

[editable path="Interactable"]
